{
  "CoatBase": {
    "images": ["texture.png"],
    "bones": [
      {"name": "Root", "parent": -1, "matrix": [1,0,0,0,0,1,0,0,0,0,1,0,0,0,0,1]},
      {"name": "Sebone", "parent": 0, "matrix": [1,0,0,0,0,-0.0271,0.9996,0,0,-0.9996,-0.0271,0,0,0.0384,0,1]},
      {"name": "Neck", "parent": 1, "matrix": [1,0,0,0,0,0.9874,0.1586,0,0,-0.1586,0.9874,0,0,0.511,0,1]},
      {"name": "Head", "parent": 2, "matrix": [-1,0,0,0,0,0.1853,0.9827,0,0,0.9827,-0.1853,0,0,0.2558,0,1]},
      {"name": "HairRoot", "parent": 3, "matrix": [-1,0,0,0,0,0,1,0,0,1,0,0,0,0.0457,0.8011,1]},
      {"name": "Back.1", "parent": 4, "matrix": [0.9911,-0.0392,0.1274,0,0,-0.9559,-0.2937,0,0.1333,0.2911,-0.9474,0,0,-0.0834,-0.4578,1]},
      {"name": "Back.2.L", "parent": 4, "matrix": [0.9811,0.1536,-0.1178,0,0.1202,-0.9604,-0.2513,0,-0.1517,0.2324,-0.9607,0,0.2477,-0.0865,-0.3424,1]},
      {"name": "Back.2.R", "parent": 4, "matrix": [0.9811,-0.1536,0.1178,0,-0.1202,-0.9604,-0.2513,0,0.1517,0.2324,-0.9607,0,-0.2477,-0.0865,-0.3424,1]},
      {"name": "Front.1", "parent": 4, "matrix": [1,0,0,0,0,-0.9492,0.3148,0,0,-0.3148,-0.9492,0,0,-0.0676,0.417,1]},
      {"name": "Front.2.L", "parent": 4, "matrix": [0.9932,0.111,-0.0345,0,0.1163,-0.9466,0.3008,0,0.0007,-0.3028,-0.953,0,0.1861,-0.0765,0.3699,1]},
      {"name": "Front.2.R", "parent": 4, "matrix": [0.9932,-0.1106,0.0359,0,-0.1163,-0.9466,0.3008,0,0.0007,-0.303,-0.953,0,-0.1861,-0.0765,0.3699,1]},
      {"name": "Front.3.L", "parent": 4, "matrix": [0.9924,0.1217,0.0167,0,0.1185,-0.9843,0.1312,0,0.0324,-0.1282,-0.9912,0,0.3505,-0.0754,0.2613,1]},
      {"name": "Front.3.R", "parent": 4, "matrix": [0.9924,-0.1131,0.0479,0,-0.1185,-0.9843,0.1312,0,0.0324,-0.1359,-0.9902,0,-0.3505,-0.0754,0.2613,1]},
      {"name": "Side.1.L", "parent": 4, "matrix": [0.9432,0.3241,0.0734,0,0.3241,-0.9459,0.0115,0,0.0732,0.0129,-0.9972,0,0.3956,-0.086,0.0705,1]},
      {"name": "Side.1.R", "parent": 4, "matrix": [0.9432,-0.3222,0.0813,0,-0.3241,-0.9459,0.0115,0,0.0732,-0.0373,-0.9966,0,-0.3956,-0.086,0.0705,1]},
      {"name": "Side.2.L", "parent": 4, "matrix": [0.9446,0.3178,-0.0815,0,0.31,-0.9459,-0.0954,0,-0.1074,0.0649,-0.9921,0,0.3316,-0.086,-0.169,1]},
      {"name": "Side.2.R", "parent": 4, "matrix": [0.9446,-0.3178,0.0815,0,-0.31,-0.9459,-0.0954,0,0.1075,0.0649,-0.9921,0,-0.3316,-0.086,-0.169,1]},
      {"name": "Back.1.001", "parent": 5, "matrix": [0.9968,-0.0081,0.0799,0,0.0198,0.9889,-0.1474,0,-0.0778,0.1485,0.9858,0,0,0.1313,0,1]},
      {"name": "Back.2.001.L", "parent": 6, "matrix": [0.9839,0.1439,-0.1056,0,-0.151,0.9865,-0.0626,0,0.0952,0.0775,0.9924,0,0,0.129,0,1]},
      {"name": "Back.2.001.R", "parent": 7, "matrix": [0.9839,-0.1439,0.1056,0,0.151,0.9865,-0.0626,0,-0.0952,0.0775,0.9924,0,0,0.129,0,1]},
      {"name": "Front.1.001", "parent": 8, "matrix": [1,0,0,0,0,0.9616,0.2743,0,0,-0.2743,0.9616,0,0,0.1272,0,1]},
      {"name": "Front.2.001.L", "parent": 9, "matrix": [0.9939,0.1104,-0.0008,0,-0.1066,0.9616,0.2528,0,0.0287,-0.2511,0.9675,0,0,0.1272,0,1]},
      {"name": "Front.2.001.R", "parent": 10, "matrix": [0.9939,-0.1104,0.0023,0,0.1062,0.9616,0.2529,0,-0.0301,-0.2511,0.9675,0,0,0.1272,0,1]},
      {"name": "Front.3.001.L", "parent": 11, "matrix": [0.9956,0.0888,0.0297,0,-0.0911,0.9921,0.0864,0,-0.0217,-0.0887,0.9958,0,0,0.1241,0,1]},
      {"name": "Front.3.001.R", "parent": 12, "matrix": [0.9954,-0.0888,0.035,0,0.0852,0.9921,0.0921,0,-0.0429,-0.0887,0.9951,0,0,0.1241,0,1]},
      {"name": "Side.1.001.L", "parent": 13, "matrix": [0.9926,0.0881,0.0841,0,-0.0852,0.9957,-0.0373,0,-0.087,0.0299,0.9958,0,0,0.1273,0,1]},
      {"name": "Side.1.001.R", "parent": 14, "matrix": [0.9937,-0.0881,0.069,0,0.0899,0.9957,-0.0237,0,-0.0666,0.0298,0.9973,0,0,0.1273,0,1]},
      {"name": "Side.2.001.L", "parent": 15, "matrix": [0.8972,0.077,-0.4349,0,-0.1082,0.993,-0.0475,0,0.4282,0.0897,0.8992,0,0,0.1273,0,1]},
      {"name": "Side.2.001.R", "parent": 16, "matrix": [0.8972,-0.077,0.4349,0,0.1082,0.993,-0.0475,0,-0.4282,0.0897,0.8992,0,0,0.1273,0,1]},
      {"name": "Back.1.002", "parent": 17, "matrix": [0.9983,0.0002,0.0581,0,0.0033,0.9982,-0.0602,0,-0.0581,0.0603,0.9965,0,0,0.1471,0,1]},
      {"name": "Back.2.002.L", "parent": 18, "matrix": [0.9911,-0.1295,-0.0319,0,0.1259,0.9873,-0.097,0,0.044,0.0921,0.9948,0,0,0.1461,0,1]},
      {"name": "Back.2.002.R", "parent": 19, "matrix": [0.9911,0.1295,0.0319,0,-0.1259,0.9873,-0.097,0,-0.044,0.0921,0.9948,0,0,0.1461,0,1]},
      {"name": "Front.1.002", "parent": 20, "matrix": [1,0,0,0,0,0.9998,0.0184,0,0,-0.0184,0.9998,0,0,0.1455,0,1]},
      {"name": "Front.2.002.L", "parent": 21, "matrix": [1,0.0074,0,0,-0.0074,0.9998,0.0169,0,0.0001,-0.0169,0.9999,0,0,0.1455,0,1]},
      {"name": "Front.2.002.R", "parent": 22, "matrix": [1,-0.0074,-0.0001,0,0.0074,0.9998,0.0169,0,-0.0001,-0.0169,0.9999,0,0,0.1455,0,1]},
      {"name": "Front.3.002.L", "parent": 23, "matrix": [0.9984,0.0561,-0.0004,0,-0.0561,0.9981,0.0236,0,0.0017,-0.0235,0.9997,0,0,0.1455,0,1]},
      {"name": "Front.3.002.R", "parent": 24, "matrix": [0.9984,-0.0561,-0.0016,0,0.0561,0.9981,0.0236,0,0.0003,-0.0237,0.9997,0,0,0.1455,0,1]},
      {"name": "Side.1.002.L", "parent": 25, "matrix": [0.9791,0.2032,-0.0033,0,-0.2029,0.9784,0.04,0,0.0114,-0.0385,0.9992,0,0,0.1527,0,1]},
      {"name": "Side.1.002.R", "parent": 26, "matrix": [0.9792,-0.203,-0.0003,0,0.2029,0.9784,0.0403,0,-0.0079,-0.0395,0.9992,0,0,0.1527,0,1]},
      {"name": "Side.2.002.L", "parent": 27, "matrix": [0.9337,0.0813,0.3486,0,-0.0656,0.9962,-0.0565,0,-0.3519,0.0298,0.9356,0,0,0.1516,0,1]},
      {"name": "Side.2.002.R", "parent": 28, "matrix": [0.9337,-0.0813,-0.3486,0,0.0656,0.9962,-0.0565,0,0.3519,0.0298,0.9356,0,0,0.1516,0,1]},
      {"name": "Back.1.003", "parent": 29, "matrix": [0.5749,0.1369,-0.8067,0,0.0007,0.9858,0.1678,0,0.8183,-0.097,0.5666,0,0,0.3476,0,1]},
      {"name": "Back.2.003.L", "parent": 30, "matrix": [0.5771,0.0726,-0.8134,0,0.0487,0.9912,0.1231,0,0.8152,-0.1106,0.5685,0,0,0.3494,0,1]},
      {"name": "Back.2.003.R", "parent": 31, "matrix": [0.6081,0.1272,-0.7836,0,-0.0487,0.9912,0.1231,0,0.7924,-0.0367,0.609,0,0,0.3494,0,1]},
      {"name": "Front.3.003.L", "parent": 35, "matrix": [0.6155,0.0237,-0.7878,0,0.0062,0.9994,0.0349,0,0.7881,-0.0264,0.615,0,0,0.1903,0,1]},
      {"name": "Front.3.003.R", "parent": 36, "matrix": [0.6141,0.0314,-0.7886,0,-0.0063,0.9994,0.0349,0,0.7892,-0.0165,0.6139,0,0,0.1903,0,1]},
      {"name": "Side.1.003.L", "parent": 37, "matrix": [0.6122,-0.0553,-0.7887,0,0.0733,0.9972,-0.0131,0,0.7873,-0.0498,0.6146,0,0,0.3388,0,1]},
      {"name": "Side.1.003.R", "parent": 38, "matrix": [0.6114,0.0343,-0.7906,0,-0.0732,0.9972,-0.0134,0,0.7879,0.0661,0.6122,0,0,0.3388,0,1]},
      {"name": "Side.2.003.L", "parent": 39, "matrix": [0.609,-0.0674,0.7903,0,0.0958,0.9953,0.0111,0,-0.7874,0.069,0.6126,0,0,0.3415,0,1]},
      {"name": "Side.2.003.R", "parent": 40, "matrix": [0.609,0.0674,-0.7903,0,-0.0958,0.9953,0.0111,0,0.7874,0.069,0.6126,0,0,0.3415,0,1]}
    ],
    "parts": [
      {
        "bone": [1]
        , "material": 0
        , "vertexStride": 16
        , "vertex": [1,0.0341,0.5085,0.2307,0.1195,0.8493,0.5143,0,0,0,0,0,0,0,0.674,0.9687,1,0.0544,0.4837,0.2628,0.2015,0.8028,0.5612,0,0,0,0,0,0,0,0.6766,0.9664,1,0.0525,0.5085,0.2256,0.1596,0.8381,0.5217,0,0,0,0,0,0,0,0.6751,0.9688,1,0.0752,0.4829,0.2559,0.2156,0.794,0.5683,0,0,0,0,0,0,0,0.6779,0.9665,1,0.0731,0.5074,0.2204,0.1802,0.8271,0.5324,0,0,0,0,0,0,0,0.6765,0.9688,1,0.0354,0.4838,0.2691,0.1616,0.814,0.558,0,0,0,0,0,0,0,0.6755,0.9663,1,0.0559,0.454,0.3019,0.2391,0.7612,0.6029,0,0,0,0,0,0,0,0.6782,0.9636,1,0.0768,0.4537,0.2936,0.2482,0.7556,0.6062,0,0,0,0,0,0,0,0.6794,0.9637,1,0.0327,0.5301,0.1933,0.0733,0.8716,0.4846,0,0,0,0,0,0,0,0.6725,0.9708,1,0.0496,0.5307,0.189,0.1163,0.8611,0.4949,0,0,0,0,0,0,0,0.6736,0.9709,1,0.0311,0.55,0.1565,0.0296,0.8751,0.483,0,0,0,0,0,0,0,0.671,0.9727,1,0.0697,0.5295,0.1853,0.1514,0.8511,0.5026,0,0,0,0,0,0,0,0.6749,0.9709,1,0.0461,0.5516,0.1526,0.0796,0.8634,0.4982,0,0,0,0,0,0,0,0.672,0.973,1,0.0162,0.5297,0.1958,0.0345,0.8798,0.474,0,0,0,0,0,0,0,0.6714,0.9706,1,0.0168,0.5084,0.2342,0.0653,0.8586,0.5085,0,0,0,0,0,0,0,0.6729,0.9685,1,0,0.5296,0.1965,0,0.8829,0.4695,0,0,0,0,0,0,0,0.6703,0.9705,1,0,0.5082,0.2356,0,0.8623,0.5063,0,0,0,0,0,0,0,0.6719,0.9684,1,0.0157,0.5493,0.1579,0.006,0.8848,0.466,0,0,0,0,0,0,0,0.6699,0.9726,1,0,0.5492,0.1579,0,0.8886,0.4586,0,0,0,0,0,0,0,0.6688,0.9725,1,0.0174,0.4836,0.2737,0.0943,0.8245,0.558,0,0,0,0,0,0,0,0.6744,0.9661,1,0.0365,0.4539,0.3094,0.1974,0.7705,0.6061,0,0,0,0,0,0,0,0.6771,0.9634,1,0,0.4834,0.2756,0,0.8291,0.5591,0,0,0,0,0,0,0,0.6734,0.9659,1,0.018,0.4536,0.3149,0.1181,0.7809,0.6134,0,0,0,0,0,0,0,0.676,0.9633,1,0.1497,0.3683,0.3548,0.1869,0.5947,0.7819,0,0,0,0,0,0,0,0.687,0.9564,1,0.1244,0.4158,0.3194,0.2178,0.6974,0.6827,0,0,0,0,0,0,0,0.6839,0.9605,1,0.1263,0.369,0.3613,0.2573,0.5975,0.7594,0,0,0,0,0,0,0,0.6855,0.9563,1,0.1481,0.4139,0.3148,0.1378,0.6985,0.7023,0,0,0,0,0,0,0,0.6855,0.9605,1,0.1233,0.4507,0.2798,0.1862,0.7532,0.6308,0,0,0,0,0,0,0,0.6824,0.9638,1,0.1715,0.411,0.3145,0.0226,0.6903,0.7232,0,0,0,0,0,0,0,0.6872,0.9603,1,0.1718,0.4432,0.28,-0.0039,0.7493,0.6622,0,0,0,0,0,0,0,0.6859,0.9633,1,0.1477,0.4477,0.2773,0.1111,0.7534,0.6481,0,0,0,0,0,0,0,0.6841,0.9636,1,0.1011,0.4169,0.3267,0.2616,0.695,0.6697,0,0,0,0,0,0,0,0.6824,0.9605,1,0.1032,0.3693,0.3697,0.2961,0.5939,0.7481,0,0,0,0,0,0,0,0.6841,0.9562,1,0.0786,0.4173,0.3356,0.2805,0.6934,0.6637,0,0,0,0,0,0,0,0.6811,0.9604,1,0.0807,0.3692,0.3791,0.3106,0.5897,0.7455,0,0,0,0,0,0,0,0.6828,0.956,1,0.0995,0.4527,0.2857,0.2308,0.7537,0.6153,0,0,0,0,0,0,0,0.6808,0.9638,1,0.1293,0.3059,0.4028,0.2943,0.4745,0.8296,0,0,0,0,0,0,0,0.6872,0.9507,1,0.106,0.3054,0.4119,0.3196,0.4696,0.823,0,0,0,0,0,0,0,0.6859,0.9505,1,0.1337,0.2221,0.4411,0.3131,0.3492,0.8832,0,0,0,0,0,0,0,0.6889,0.9435,1,0.0832,0.3047,0.4213,0.324,0.463,0.825,0,0,0,0,0,0,0,0.6845,0.9503,1,0.1097,0.2205,0.4505,0.3211,0.3418,0.8832,0,0,0,0,0,0,0,0.6875,0.9432,1,0.1527,0.3064,0.3947,0.246,0.4749,0.845,0,0,0,0,0,0,0,0.6887,0.9509,1,0.1757,0.3069,0.3887,0.1625,0.4606,0.8726,0,0,0,0,0,0,0,0.6902,0.9511,1,0.1727,0.3671,0.3514,0.0745,0.5838,0.8084,0,0,0,0,0,0,0,0.6886,0.9564,1,0.1577,0.2238,0.4322,0.2901,0.3524,0.8897,0,0,0,0,0,0,0,0.6904,0.9438,1,0.1811,0.2257,0.4242,0.2493,0.3484,0.9036,0,0,0,0,0,0,0,0.6918,0.9441,1,0.2156,0.3631,0.3557,-0.0979,0.5149,0.8516,0,0,0,0,0,0,0,0.6919,0.9562,1,0.2349,0.3955,0.3378,-0.1435,0.5993,0.7876,0,0,0,0,0,0,0,0.6927,0.9591,1,0.2153,0.4019,0.3282,-0.156,0.631,0.7599,0,0,0,0,0,0,0,0.6909,0.9596,1,0.2372,0.4199,0.3168,-0.1189,0.6865,0.7174,0,0,0,0,0,0,0,0.6921,0.9613,1,0.2169,0.4295,0.3024,-0.1568,0.7072,0.6894,0,0,0,0,0,0,0,0.6901,0.9621,1,0.2347,0.3601,0.36,-0.0992,0.4686,0.8778,0,0,0,0,0,0,0,0.6935,0.9559,1,0.2523,0.3876,0.3462,-0.0224,0.5673,0.8232,0,0,0,0,0,0,0,0.6943,0.9584,1,0.2557,0.4081,0.3296,0.0294,0.6557,0.7545,0,0,0,0,0,0,0,0.694,0.9603,1,0.1948,0.3654,0.3523,-0.0345,0.5573,0.8296,0,0,0,0,0,0,0,0.6903,0.9563,1,0.1941,0.4071,0.3197,-0.0955,0.6646,0.741,0,0,0,0,0,0,0,0.689,0.96,1,0.1949,0.4372,0.2892,-0.1138,0.7302,0.6737,0,0,0,0,0,0,0,0.688,0.9628,1,0.1977,0.3073,0.3856,0.0862,0.4269,0.9002,0,0,0,0,0,0,0,0.6917,0.9512,1,0.2185,0.3076,0.3842,0.0485,0.3853,0.9215,0,0,0,0,0,0,0,0.6932,0.9513,1,0.2243,0.2301,0.4126,0.2082,0.3115,0.9272,0,0,0,0,0,0,0,0.6946,0.9447,1,0.2034,0.2278,0.418,0.212,0.3342,0.9183,0,0,0,0,0,0,0,0.6932,0.9444,1,0.2375,0.3076,0.3833,0.0655,0.3389,0.9385,0,0,0,0,0,0,0,0.6945,0.9514,1,0.2515,0.3563,0.3635,-0.0049,0.4234,0.9059,0,0,0,0,0,0,0,0.6949,0.9557,1,0.2437,0.2323,0.4074,0.2455,0.284,0.9269,0,0,0,0,0,0,0,0.6958,0.945,1,0.2612,0.2344,0.4015,0.3331,0.2554,0.9077,0,0,0,0,0,0,0,0.6969,0.9453,1,0.2545,0.3073,0.3817,0.1596,0.2949,0.9421,0,0,0,0,0,0,0,0.6957,0.9515,1,0.2756,0.341,0.3642,0.4261,0.2985,0.854,0,0,0,0,0,0,0,0.6967,0.9545,1,0.2909,0.3148,0.3635,0.5983,0.2516,0.7607,0,0,0,0,0,0,0,0.6978,0.9524,1,0.28,0.3572,0.3559,0.4963,0.3591,0.7904,0,0,0,0,0,0,0,0.6967,0.9559,1,0.2995,0.3239,0.3528,0.6408,0.2595,0.7225,0,0,0,0,0,0,0,0.698,0.9532,1,0.2864,0.369,0.345,0.5513,0.3948,0.735,0,0,0,0,0,0,0,0.6968,0.957,1,0.2812,0.3082,0.3724,0.4817,0.248,0.8405,0,0,0,0,0,0,0,0.6974,0.9517,1,0.3017,0.2448,0.3746,0.6337,0.1991,0.7475,0,0,0,0,0,0,0,0.6989,0.9465,1,0.3125,0.2516,0.3629,0.6642,0.1975,0.721,0,0,0,0,0,0,0,0.6993,0.9472,1,0.2657,0.3517,0.3644,0.2171,0.372,0.9025,0,0,0,0,0,0,0,0.696,0.9553,1,0.2673,0.3781,0.3512,0.2428,0.5001,0.8312,0,0,0,0,0,0,0,0.6956,0.9576,1,0.2719,0.3941,0.3381,0.3031,0.5648,0.7675,0,0,0,0,0,0,0,0.6955,0.9591,1,0.2691,0.3066,0.3783,0.3151,0.2611,0.9124,0,0,0,0,0,0,0,0.6967,0.9515,1,0.29,0.2392,0.3852,0.5557,0.2085,0.8048,0,0,0,0,0,0,0,0.6984,0.9459,1,0.2765,0.2362,0.3941,0.4476,0.2284,0.8646,0,0,0,0,0,0,0,0.6978,0.9456,1,0.3142,0.0094,0.4217,0.6753,0.1773,0.7159,0,0,0,0,0,0,0,0.7014,0.9268,1,0.3423,-0.1351,0.4274,0.7514,0.1642,0.6391,0,0,0,0,0,0,0,0.7035,0.9149,1,0.3278,0.0113,0.4075,0.7104,0.1668,0.6837,0,0,0,0,0,0,0,0.7018,0.9271,1,0.3566,-0.1358,0.4105,0.751,0.156,0.6416,0,0,0,0,0,0,0,0.7039,0.915,1,0.3413,0.0132,0.3926,0.7191,0.1593,0.6764,0,0,0,0,0,0,0,0.7023,0.9274,1,0.3432,-0.2872,0.466,0.7681,0.1625,0.6194,0,0,0,0,0,0,0,0.7049,0.902,1,0.3284,-0.1347,0.4434,0.7248,0.1751,0.6664,0,0,0,0,0,0,0,0.7031,0.9147,1,0.3573,-0.29,0.4483,0.7875,0.1529,0.597,0,0,0,0,0,0,0,0.7052,0.902,1,0.3012,0.1369,0.402,0.6196,0.1877,0.7622,0,0,0,0,0,0,0,0.6998,0.9374,1,0.3141,0.1408,0.3896,0.6696,0.1774,0.7213,0,0,0,0,0,0,0,0.7003,0.9379,1,0.3265,0.1452,0.3764,0.6885,0.1714,0.7047,0,0,0,0,0,0,0,0.7007,0.9384,1,0.287,0.1339,0.4133,0.5435,0.2026,0.8146,0,0,0,0,0,0,0,0.6991,0.937,1,0.2997,0.0076,0.4349,0.6126,0.1903,0.7671,0,0,0,0,0,0,0,0.7008,0.9264,1,0.2712,0.1313,0.4234,0.4501,0.2194,0.8656,0,0,0,0,0,0,0,0.6984,0.9366,1,0.2838,0.0055,0.4469,0.5243,0.2031,0.827,0,0,0,0,0,0,0,0.7,0.9261,1,0.329,-0.285,0.4822,0.7103,0.1792,0.6807,0,0,0,0,0,0,0,0.7044,0.902,1,0.314,-0.1347,0.4582,0.6659,0.1857,0.7226,0,0,0,0,0,0,0,0.7026,0.9145,1,0.2982,-0.1354,0.4715,0.5755,0.1951,0.7942,0,0,0,0,0,0,0,0.7019,0.9143,1,0.147,-0.0152,0.5019,0.2615,0.2034,0.9435,0,0,0,0,0,0,0,0.6919,0.9234,1,0.1145,0.1103,0.4826,0.2941,0.2448,0.9239,0,0,0,0,0,0,0,0.6889,0.9338,1,0.12,-0.0191,0.51,0.2473,0.1918,0.9498,0,0,0,0,0,0,0,0.6902,0.923,1,0.0897,0.108,0.491,0.2798,0.234,0.9311,0,0,0,0,0,0,0,0.6874,0.9335,1,0.0936,-0.0225,0.5173,0.2307,0.1802,0.9562,0,0,0,0,0,0,0,0.6885,0.9225,1,0.1398,0.1129,0.4737,0.2998,0.2548,0.9193,0,0,0,0,0,0,0,0.6905,0.9342,1,0.0862,0.2192,0.4595,0.3139,0.3328,0.8892,0,0,0,0,0,0,0,0.6861,0.9429,1,0.1552,-0.156,0.5272,0.2108,0.1763,0.9615,0,0,0,0,0,0,0,0.6933,0.9116,1,0.126,-0.1611,0.5342,0.1921,0.1641,0.9676,0,0,0,0,0,0,0,0.6914,0.911,1,0.1637,-0.303,0.551,0.1601,0.1612,0.9739,0,0,0,0,0,0,0,0.6947,0.8993,1,0.0978,-0.1658,0.5403,0.1761,0.1524,0.9725,0,0,0,0,0,0,0,0.6896,0.9105,1,0.1323,-0.3095,0.5567,0.1394,0.149,0.979,0,0,0,0,0,0,0,0.6926,0.8986,1,0.1841,-0.1508,0.5195,0.2349,0.1878,0.9537,0,0,0,0,0,0,0,0.6952,0.9122,1,0.1739,-0.0111,0.4933,0.2755,0.2134,0.9373,0,0,0,0,0,0,0,0.6936,0.9239,1,0.2117,-0.146,0.5113,0.2686,0.1971,0.9429,0,0,0,0,0,0,0,0.6969,0.9128,1,0.1998,-0.0071,0.4846,0.2915,0.2198,0.931,0,0,0,0,0,0,0,0.6952,0.9244,1,0.1948,-0.2967,0.5445,0.1901,0.1737,0.9663,0,0,0,0,0,0,0,0.6968,0.9,1,0.2243,-0.2912,0.5371,0.2355,0.1855,0.954,0,0,0,0,0,0,0,0.6987,0.9006,1,0.1649,0.1158,0.4646,0.2985,0.2618,0.9178,0,0,0,0,0,0,0,0.692,0.9346,1,0.1894,0.1189,0.4559,0.2902,0.2638,0.9199,0,0,0,0,0,0,0,0.6935,0.935,1,0.0452,-0.0274,0.5284,0.1553,0.1624,0.9744,0,0,0,0,0,0,0,0.6854,0.9218,1,0.0716,-0.1697,0.5454,0.1539,0.1424,0.9778,0,0,0,0,0,0,0,0.6878,0.9101,1,0.0688,-0.0253,0.5236,0.203,0.1701,0.9643,0,0,0,0,0,0,0,0.6869,0.9221,1,0.0469,-0.1725,0.5493,0.1167,0.1348,0.984,0,0,0,0,0,0,0,0.6861,0.9097,1,0.0743,-0.3205,0.5655,0.1072,0.1295,0.9858,0,0,0,0,0,0,0,0.6886,0.8975,1,0.1021,-0.3156,0.5616,0.1248,0.1383,0.9825,0,0,0,0,0,0,0,0.6905,0.898,1,0.0436,0.1046,0.504,0.1927,0.2173,0.9569,0,0,0,0,0,0,0,0.6845,0.9329,1,0.0662,0.1061,0.4982,0.2489,0.2244,0.9422,0,0,0,0,0,0,0,0.6859,0.9332,1,0.0421,0.2171,0.4743,0.2243,0.319,0.9208,0,0,0,0,0,0,0,0.6834,0.9425,1,0.0638,0.218,0.4677,0.2845,0.3246,0.902,0,0,0,0,0,0,0,0.6847,0.9427,1,0.0217,0.1037,0.5078,0.109,0.213,0.971,0,0,0,0,0,0,0,0.6831,0.9327,1,0.0224,-0.0287,0.5316,0.0867,0.1576,0.9837,0,0,0,0,0,0,0,0.6839,0.9215,1,0,0.1034,0.5092,0,0.2116,0.9774,0,0,0,0,0,0,0,0.6817,0.9325,1,0,-0.0292,0.5327,0,0.156,0.9878,0,0,0,0,0,0,0,0.6824,0.9213,1,0.0209,0.2165,0.4787,0.129,0.3163,0.9398,0,0,0,0,0,0,0,0.6821,0.9423,1,0,0.2163,0.4804,0,0.3156,0.9489,0,0,0,0,0,0,0,0.6808,0.942,1,0.0232,-0.1742,0.5518,0.0645,0.1299,0.9894,0,0,0,0,0,0,0,0.6845,0.9093,1,0.0485,-0.3241,0.5685,0.0798,0.1233,0.9892,0,0,0,0,0,0,0,0.6868,0.897,1,0,-0.1749,0.5527,0,0.1281,0.9918,0,0,0,0,0,0,0,0.6829,0.909,1,0.0239,-0.3263,0.5703,0.0431,0.1198,0.9919,0,0,0,0,0,0,0,0.6851,0.8966,1,0.2458,-0.0001,0.467,0.3647,0.2193,0.9049,0,0,0,0,0,0,0,0.698,0.9253,1,0.2123,0.1221,0.4479,0.2889,0.2593,0.9216,0,0,0,0,0,0,0,0.6949,0.9355,1,0.2238,-0.0034,0.4759,0.318,0.2217,0.9218,0,0,0,0,0,0,0,0.6967,0.9249,1,0.2337,0.1253,0.4401,0.3126,0.2492,0.9166,0,0,0,0,0,0,0,0.6962,0.9359,1,0.2596,-0.139,0.4935,0.3851,0.2048,0.8999,0,0,0,0,0,0,0,0.6998,0.9137,1,0.2369,-0.1421,0.5028,0.3172,0.2029,0.9264,0,0,0,0,0,0,0,0.6985,0.9133,1,0.2744,-0.2848,0.5197,0.3884,0.2004,0.8994,0,0,0,0,0,0,0,0.7018,0.9015,1,0.2508,-0.2873,0.529,0.3013,0.1949,0.9334,0,0,0,0,0,0,0,0.7004,0.9011,1,0.2801,-0.1368,0.4832,0.4724,0.2024,0.8578,0,0,0,0,0,0,0,0.701,0.914,1,0.2658,0.0029,0.4575,0.4336,0.213,0.8756,0,0,0,0,0,0,0,0.6991,0.9257,1,0.2952,-0.2837,0.509,0.4952,0.2009,0.8452,0,0,0,0,0,0,0,0.7029,0.9017,1,0.3133,-0.2838,0.4966,0.6139,0.195,0.7649,0,0,0,0,0,0,0,0.7038,0.9019,1,0.2534,0.1284,0.4321,0.3653,0.2354,0.9006,0,0,0,0,0,0,0,0.6974,0.9363,1,0.1229,0.5003,0.2146,0.1501,0.817,0.5568,0,0,0,0,0,0,0,0.6799,0.9684,1,0.1518,0.5112,0.1912,0.0934,0.8437,0.5287,0,0,0,0,0,0,0,0.6812,0.9696,1,0.1242,0.5179,0.187,0.1438,0.842,0.52,0,0,0,0,0,0,0,0.679,0.9701,1,0.1562,0.5243,0.1685,0.0902,0.8589,0.504,0,0,0,0,0,0,0,0.6807,0.9709,1,0.1276,0.532,0.1623,0.1379,0.8573,0.4961,0,0,0,0,0,0,0,0.6784,0.9715,1,0.1491,0.4949,0.2164,0.0934,0.8188,0.5665,0,0,0,0,0,0,0,0.6819,0.9681,1,0.1785,0.5035,0.2003,0.0117,0.8466,0.5321,0,0,0,0,0,0,0,0.6835,0.969,1,0.1835,0.5163,0.1789,0.0147,0.8626,0.5056,0,0,0,0,0,0,0,0.6831,0.9703,1,0.0971,0.5046,0.2163,0.1807,0.8187,0.5451,0,0,0,0,0,0,0,0.6781,0.9687,1,0.0957,0.5247,0.1848,0.1652,0.8446,0.5093,0,0,0,0,0,0,0,0.6768,0.9706,1,0.0971,0.5405,0.1572,0.1614,0.8573,0.4888,0,0,0,0,0,0,0,0.6759,0.9722,1,0.1227,0.4784,0.2452,0.1636,0.7879,0.5937,0,0,0,0,0,0,0,0.681,0.9664,1,0.0982,0.4813,0.2494,0.2048,0.7891,0.5792,0,0,0,0,0,0,0,0.6794,0.9665,1,0.1479,0.4742,0.2448,0.0981,0.7878,0.6081,0,0,0,0,0,0,0,0.6829,0.9661,1,0.175,0.488,0.2238,-0.0008,0.8196,0.573,0,0,0,0,0,0,0,0.6841,0.9675,1,0.1728,0.4684,0.25,-0.0103,0.7854,0.6189,0,0,0,0,0,0,0,0.6849,0.9657,1,0.2236,0.4685,0.2583,-0.0962,0.8009,0.591,0,0,0,0,0,0,0,0.689,0.9658,1,0.2519,0.4688,0.261,-0.0014,0.8129,0.5824,0,0,0,0,0,0,0,0.6912,0.9659,1,0.2289,0.4827,0.2385,-0.0622,0.8328,0.55,0,0,0,0,0,0,0,0.6887,0.9671,1,0.2593,0.4812,0.2428,0.0098,0.828,0.5606,0,0,0,0,0,0,0,0.6911,0.9671,1,0.2355,0.4952,0.2192,-0.0491,0.8494,0.5255,0,0,0,0,0,0,0,0.6885,0.9684,1,0.2458,0.4553,0.279,-0.0361,0.7833,0.6206,0,0,0,0,0,0,0,0.6914,0.9646,1,0.2731,0.4521,0.2813,0.138,0.7621,0.6326,0,0,0,0,0,0,0,0.6935,0.9644,1,0.2811,0.4642,0.2643,0.1441,0.7762,0.6138,0,0,0,0,0,0,0,0.6935,0.9656,1,0.1999,0.4793,0.2388,-0.0825,0.8122,0.5775,0,0,0,0,0,0,0,0.6865,0.9667,1,0.2043,0.4942,0.2172,-0.0566,0.8428,0.5353,0,0,0,0,0,0,0,0.6861,0.9682,1,0.2101,0.5068,0.1968,-0.0464,0.8597,0.5086,0,0,0,0,0,0,0,0.6858,0.9694,1,0.1968,0.4608,0.2625,-0.1079,0.7723,0.626,0,0,0,0,0,0,0,0.6872,0.965,1,0.2196,0.4512,0.2794,-0.1351,0.7565,0.6399,0,0,0,0,0,0,0,0.6895,0.9641,1,0.2408,0.4394,0.2974,-0.0823,0.7394,0.6682,0,0,0,0,0,0,0,0.6917,0.9631,1,0.2661,0.4394,0.2976,0.1122,0.7377,0.6658,0,0,0,0,0,0,0,0.6936,0.9632,1,0.2603,0.4251,0.3136,0.0714,0.7018,0.7088,0,0,0,0,0,0,0,0.6937,0.9618,1,0.3689,0.0202,0.3614,0.7447,0.1428,0.652,0,0,0,0,0,0,0,0.7032,0.9284,1,0.4012,-0.1316,0.352,0.8463,0.1156,0.5201,0,0,0,0,0,0,0,0.7052,0.9173,1,0.3808,0.0312,0.345,0.7692,0.1324,0.6251,0,0,0,0,0,0,0,0.7035,0.9298,1,0.4095,-0.0961,0.3313,0.8285,0.1015,0.5507,0,0,0,0,0,0,0,0.7052,0.9211,1,0.3891,0.0577,0.329,0.7735,0.131,0.6201,0,0,0,0,0,0,0,0.7036,0.9323,1,0.4064,-0.3014,0.3861,0.8425,0.1283,0.5233,0,0,0,0,0,0,0,0.7066,0.9024,1,0.3875,-0.1358,0.3737,0.7979,0.1421,0.5858,0,0,0,0,0,0,0,0.7049,0.9158,1,0.4353,-0.3138,0.3226,0.9586,0.0615,0.2782,0,0,0,0,0,0,0,0.7072,0.9077,1,0.351,0.1569,0.3494,0.7041,0.1623,0.6913,0,0,0,0,0,0,0,0.7015,0.9397,1,0.3617,0.1691,0.3356,0.7181,0.1599,0.6773,0,0,0,0,0,0,0,0.7018,0.9409,1,0.3339,0.2667,0.3385,0.6842,0.2009,0.701,0,0,0,0,0,0,0,0.7,0.9488,1,0.3702,0.1888,0.3216,0.7304,0.1645,0.6629,0,0,0,0,0,0,0,0.702,0.9426,1,0.3437,0.2777,0.3255,0.6956,0.206,0.6883,0,0,0,0,0,0,0,0.7002,0.9498,1,0.3391,0.1498,0.363,0.6941,0.1669,0.7002,0,0,0,0,0,0,0,0.7012,0.9389,1,0.3554,0.0152,0.3772,0.7233,0.1524,0.6735,0,0,0,0,0,0,0,0.7028,0.9278,1,0.3234,0.2585,0.3509,0.6734,0.1984,0.7122,0,0,0,0,0,0,0,0.6996,0.948,1,0.3891,-0.297,0.4092,0.7873,0.1401,0.6005,0,0,0,0,0,0,0,0.7061,0.9019,1,0.3722,-0.1366,0.3929,0.7571,0.1495,0.636,0,0,0,0,0,0,0,0.7044,0.9152,1,0.3722,-0.2934,0.4293,0.778,0.147,0.6108,0,0,0,0,0,0,0,0.7056,0.9019,1,0.3013,0.3908,0.3211,0.5626,0.4271,0.7079,0,0,0,0,0,0,0,0.697,0.9591,1,0.3266,0.3527,0.3168,0.6609,0.2908,0.6918,0,0,0,0,0,0,0,0.6987,0.956,1,0.3097,0.4017,0.3076,0.5639,0.4443,0.6962,0,0,0,0,0,0,0,0.6972,0.9601,1,0.3355,0.3653,0.3029,0.6632,0.3055,0.6832,0,0,0,0,0,0,0,0.6989,0.9572,1,0.3184,0.4133,0.2929,0.5592,0.4635,0.6874,0,0,0,0,0,0,0,0.6973,0.9612,1,0.3176,0.3421,0.3296,0.6546,0.2791,0.7025,0,0,0,0,0,0,0,0.6985,0.955,1,0.3525,0.2928,0.312,0.705,0.2141,0.6762,0,0,0,0,0,0,0,0.7004,0.9512,1,0.2844,0.4205,0.311,0.3517,0.6165,0.7045,0,0,0,0,0,0,0,0.6954,0.9615,1,0.2921,0.4323,0.2963,0.3613,0.6363,0.6816,0,0,0,0,0,0,0,0.6955,0.9627,1,0.3006,0.444,0.2805,0.3585,0.6532,0.667,0,0,0,0,0,0,0,0.6955,0.9638,1,0.2777,0.4081,0.3249,0.3308,0.593,0.7341,0,0,0,0,0,0,0,0.6954,0.9604,1,0.2935,0.38,0.3335,0.5576,0.4109,0.7213,0,0,0,0,0,0,0,0.6969,0.958,1,0.3085,0.3327,0.3416,0.6472,0.269,0.7133,0,0,0,0,0,0,0,0.6983,0.9541,1,0.0391,0.3685,0.3961,0.2443,0.5895,0.7699,0,0,0,0,0,0,0,0.6804,0.9556,1,0.0615,0.3041,0.4301,0.3018,0.4575,0.8364,0,0,0,0,0,0,0,0.6832,0.9501,1,0.0595,0.3689,0.3882,0.2966,0.5875,0.7529,0,0,0,0,0,0,0,0.6816,0.9558,1,0.0406,0.3035,0.4375,0.2438,0.4553,0.8563,0,0,0,0,0,0,0,0.682,0.9499,1,0.0378,0.4171,0.3526,0.2256,0.7008,0.6768,0,0,0,0,0,0,0,0.6787,0.96,1,0.0576,0.4173,0.3446,0.2713,0.6949,0.6659,0,0,0,0,0,0,0,0.6799,0.9602,1,0.0187,0.4168,0.3583,0.1359,0.709,0.692,0,0,0,0,0,0,0,0.6777,0.9598,1,0.0194,0.3682,0.4017,0.1461,0.5945,0.7908,0,0,0,0,0,0,0,0.6793,0.9554,1,0,0.4166,0.3606,0,0.7133,0.7009,0,0,0,0,0,0,0,0.6766,0.9596,1,0,0.368,0.4039,0,0.5972,0.8021,0,0,0,0,0,0,0,0.6782,0.9552,1,0,0.4534,0.3171,0,0.7859,0.6183,0,0,0,0,0,0,0,0.675,0.9631,1,0.0202,0.303,0.4426,0.1432,0.4559,0.8784,0,0,0,0,0,0,0,0.6808,0.9497,1,0,0.3028,0.4445,0,0.4567,0.8896,0,0,0,0,0,0,0,0.6796,0.9495,1,0.2622,0.5309,0.1591,-0.032,0.8887,0.4574,0,0,0,0,0,0,0,0.6882,0.9719,1,0.2257,0.5299,0.157,-0.0414,0.8849,0.464,0,0,0,0,0,0,0,0.6854,0.9717,1,0.2525,0.5194,0.1799,-0.0414,0.8732,0.4856,0,0,0,0,0,0,0,0.6883,0.9708,1,0.234,0.5407,0.1365,-0.0352,0.8992,0.4361,0,0,0,0,0,0,0,0.6853,0.9728,1,0.1984,0.5386,0.1384,0.009,0.8888,0.4583,0,0,0,0,0,0,0,0.6827,0.9725,1,0.2713,0.5421,0.137,-0.0173,0.9056,0.4239,0,0,0,0,0,0,0,0.6881,0.9731,1,0.2417,0.551,0.1149,-0.0259,0.9133,0.4064,0,0,0,0,0,0,0,0.6851,0.9739,1,0.2064,0.5486,0.1181,0.0084,0.903,0.4296,0,0,0,0,0,0,0,0.6826,0.9736,1,0.2175,0.5187,0.177,-0.045,0.8714,0.4886,0,0,0,0,0,0,0,0.6856,0.9706,1,0.2435,0.5075,0.1998,-0.0468,0.86,0.5081,0,0,0,0,0,0,0,0.6883,0.9696,1,0.1904,0.5279,0.1584,0.0112,0.8748,0.4844,0,0,0,0,0,0,0,0.6829,0.9714,1,0.2783,0.5062,0.2041,0.0079,0.8487,0.5288,0,0,0,0,0,0,0,0.6911,0.9695,1,0.2679,0.4937,0.2238,0.0079,0.8373,0.5468,0,0,0,0,0,0,0,0.691,0.9683,1,0.3018,0.4896,0.2268,0.1181,0.7918,0.5993,0,0,0,0,0,0,0,0.6937,0.968,1,0.2901,0.4769,0.246,0.1328,0.7846,0.6057,0,0,0,0,0,0,0,0.6935,0.9668,1,0.2915,0.5185,0.1835,0.0126,0.8648,0.5019,0,0,0,0,0,0,0,0.6913,0.9708,1,0.3042,0.5307,0.1608,0.0255,0.8882,0.4587,0,0,0,0,0,0,0,0.6914,0.972,1,0.318,0.5021,0.2071,0.1031,0.801,0.5897,0,0,0,0,0,0,0,0.6941,0.9693,1,0.3448,0.5145,0.1855,0.1095,0.8266,0.552,0,0,0,0,0,0,0,0.6953,0.9706,1,0.2971,0.5814,-0.0535,0.3267,0.9306,-0.165,0,0,0,0,0,0,0,0.6835,0.9786,1,0.2633,0.5922,-0.0404,0.2234,0.9747,0.0041,0,0,0,0,0,0,0,0.681,0.9789,1,0.2984,0.5838,-0.0222,0.2468,0.969,-0.0095,0,0,0,0,0,0,0,0.6844,0.9781,1,0.2618,0.5907,-0.0701,0.3001,0.943,-0.1439,0,0,0,0,0,0,0,0.6801,0.9793,1,0.2318,0.5991,-0.0538,0.1986,0.9798,0.0211,0,0,0,0,0,0,0,0.6782,0.9794,1,0.2909,0.5745,-0.0885,0.398,0.8585,-0.3235,0,0,0,0,0,0,0,0.6827,0.9789,1,0.2569,0.5849,-0.102,0.366,0.882,-0.297,0,0,0,0,0,0,0,0.6792,0.9797,1,0.2301,0.5984,-0.0813,0.2534,0.9602,-0.1172,0,0,0,0,0,0,0,0.6772,0.9799,1,0.2624,0.5902,-0.0123,0.1516,0.9802,0.1274,0,0,0,0,0,0,0,0.6819,0.9784,1,0.2967,0.5823,0.0067,0.1724,0.9776,0.1206,0,0,0,0,0,0,0,0.6852,0.9776,1,0.26,0.5854,0.0147,0.0949,0.9716,0.2167,0,0,0,0,0,0,0,0.6827,0.9777,1,0.2932,0.5778,0.034,0.1142,0.9702,0.2136,0,0,0,0,0,0,0,0.6859,0.977,1,0.2317,0.5966,-0.0271,0.1448,0.98,0.1364,0,0,0,0,0,0,0,0.6791,0.9789,1,0.2302,0.5917,-0.0009,0.0998,0.9699,0.2221,0,0,0,0,0,0,0,0.68,0.9783,1,0.3374,0.5736,-0.0027,0.2651,0.964,-0.0184,0,0,0,0,0,0,0,0.688,0.9773,1,0.3349,0.5726,0.0264,0.2004,0.9728,0.1161,0,0,0,0,0,0,0,0.6887,0.9768,1,0.3805,0.5617,0.0149,0.2778,0.9604,-0.0223,0,0,0,0,0,0,0,0.6918,0.9763,1,0.3305,0.5685,0.0537,0.149,0.9659,0.2118,0,0,0,0,0,0,0,0.6894,0.9762,1,0.3774,0.5611,0.0436,0.2324,0.9661,0.1128,0,0,0,0,0,0,0,0.6925,0.9758,1,0.3366,0.5707,-0.0349,0.3334,0.9257,-0.1788,0,0,0,0,0,0,0,0.6873,0.9777,1,0.3285,0.5629,-0.0725,0.3966,0.8496,-0.3478,0,0,0,0,0,0,0,0.6865,0.978,1,0.3804,0.5584,-0.0171,0.3203,0.93,-0.1805,0,0,0,0,0,0,0,0.6912,0.9766,1,0.374,0.5487,-0.0575,0.3592,0.8619,-0.3579,0,0,0,0,0,0,0,0.6905,0.9769,1,0.2892,0.5712,0.0609,0.0694,0.9575,0.2801,0,0,0,0,0,0,0,0.6866,0.9762,1,0.2529,0.5705,0.067,0.0157,0.9432,0.3317,0,0,0,0,0,0,0,0.6841,0.976,1,0.2844,0.5628,0.0872,0.0315,0.9409,0.3372,0,0,0,0,0,0,0,0.6872,0.9753,1,0.2569,0.5787,0.0412,0.0513,0.9585,0.2803,0,0,0,0,0,0,0,0.6835,0.9769,1,0.2245,0.5769,0.0499,0.0366,0.9424,0.3324,0,0,0,0,0,0,0,0.6814,0.9766,1,0.2279,0.585,0.0248,0.0641,0.9567,0.2838,0,0,0,0,0,0,0,0.6807,0.9775,1,0.2479,0.5611,0.0916,-0.0099,0.9277,0.3731,0,0,0,0,0,0,0,0.6847,0.975,1,0.2786,0.553,0.1128,0.0029,0.9229,0.3849,0,0,0,0,0,0,0,0.6877,0.9742,1,0.2198,0.5678,0.0741,0.0185,0.9286,0.3707,0,0,0,0,0,0,0,0.682,0.9756,1,0.2139,0.5583,0.0969,0.01,0.9159,0.4012,0,0,0,0,0,0,0,0.6824,0.9746,1,0.32,0.5537,0.1075,0.0715,0.9343,0.3492,0,0,0,0,0,0,0,0.6906,0.9745,1,0.3133,0.5428,0.1348,0.0437,0.9126,0.4065,0,0,0,0,0,0,0,0.6911,0.9733,1,0.3613,0.5432,0.124,0.1274,0.9237,0.3613,0,0,0,0,0,0,0,0.6943,0.9736,1,0.3541,0.5318,0.1522,0.1058,0.891,0.4416,0,0,0,0,0,0,0,0.6948,0.9724,1,0.3256,0.5622,0.0806,0.108,0.953,0.283,0,0,0,0,0,0,0,0.69,0.9754,1,0.3673,0.5516,0.097,0.1595,0.9452,0.2848,0,0,0,0,0,0,0,0.6937,0.9745,1,0.3725,0.5574,0.0705,0.1934,0.9586,0.2089,0,0,0,0,0,0,0,0.6931,0.9753,1,0.1724,0.5869,0.0333,0.1063,0.9346,0.3394,0,0,0,0,0,0,0,0.6769,0.9774,1,0.1523,0.5983,0.0083,0.1354,0.9413,0.3093,0,0,0,0,0,0,0,0.6745,0.9785,1,0.148,0.5911,0.0305,0.1271,0.9305,0.3436,0,0,0,0,0,0,0,0.675,0.9777,1,0.129,0.6018,0.0082,0.139,0.9377,0.3185,0,0,0,0,0,0,0,0.6728,0.9787,1,0.1239,0.595,0.0293,0.134,0.9283,0.3468,0,0,0,0,0,0,0,0.6732,0.9779,1,0.1762,0.5945,0.01,0.1196,0.9468,0.2988,0,0,0,0,0,0,0,0.6764,0.9782,1,0.1547,0.6044,-0.0132,0.1498,0.954,0.2598,0,0,0,0,0,0,0,0.6739,0.9792,1,0.1318,0.6077,-0.0114,0.1508,0.9492,0.2764,0,0,0,0,0,0,0,0.6723,0.9793,1,0.1671,0.5787,0.0563,0.1011,0.9234,0.3704,0,0,0,0,0,0,0,0.6774,0.9765,1,0.1418,0.5832,0.0529,0.1266,0.9206,0.3695,0,0,0,0,0,0,0,0.6754,0.9768,1,0.1603,0.5701,0.0786,0.105,0.9114,0.3978,0,0,0,0,0,0,0,0.6777,0.9755,1,0.1169,0.5876,0.0512,0.1365,0.9196,0.3682,0,0,0,0,0,0,0,0.6735,0.9771,1,0.1341,0.5751,0.0751,0.1327,0.911,0.3906,0,0,0,0,0,0,0,0.6756,0.9759,1,0.1978,0.5823,0.0392,0.0752,0.939,0.3355,0,0,0,0,0,0,0,0.679,0.977,1,0.193,0.5736,0.0628,0.0661,0.9262,0.3711,0,0,0,0,0,0,0,0.6796,0.9761,1,0.1868,0.5645,0.0853,0.0625,0.9139,0.4011,0,0,0,0,0,0,0,0.6799,0.9751,1,0.2012,0.5901,0.015,0.093,0.9525,0.2901,0,0,0,0,0,0,0,0.6784,0.9779,1,0.2032,0.5968,-0.0096,0.1179,0.9658,0.2311,0,0,0,0,0,0,0,0.6776,0.9787,1,0.1783,0.6009,-0.0131,0.1387,0.9599,0.2435,0,0,0,0,0,0,0,0.6757,0.979,1,0.1431,0.5527,0.1202,0.1251,0.8842,0.45,0,0,0,0,0,0,0,0.678,0.9737,1,0.125,0.5671,0.0964,0.1428,0.8996,0.4128,0,0,0,0,0,0,0,0.6758,0.975,1,0.1149,0.5591,0.1167,0.1538,0.8848,0.4398,0,0,0,0,0,0,0,0.6758,0.9741,1,0.098,0.5724,0.0948,0.1572,0.8998,0.4071,0,0,0,0,0,0,0,0.6737,0.9754,1,0.0866,0.5654,0.1146,0.1689,0.8845,0.4349,0,0,0,0,0,0,0,0.6736,0.9746,1,0.152,0.5616,0.0997,0.1153,0.8992,0.422,0,0,0,0,0,0,0,0.6779,0.9746,1,0.1081,0.5799,0.0732,0.145,0.9109,0.3863,0,0,0,0,0,0,0,0.6737,0.9762,1,0.1344,0.5432,0.1406,0.1323,0.8701,0.4747,0,0,0,0,0,0,0,0.6781,0.9727,1,0.1046,0.5511,0.1357,0.1612,0.8687,0.4683,0,0,0,0,0,0,0,0.6757,0.9733,1,0.074,0.5593,0.1317,0.1691,0.8667,0.4693,0,0,0,0,0,0,0,0.6733,0.9739,1,0.1629,0.5358,0.1472,0.0816,0.873,0.4808,0,0,0,0,0,0,0,0.6804,0.9721,1,0.1708,0.5461,0.1268,0.0716,0.8874,0.4553,0,0,0,0,0,0,0,0.6803,0.9732,1,0.1791,0.5555,0.1064,0.0655,0.9021,0.4266,0,0,0,0,0,0,0,0.6801,0.9741,1,0.1777,0.6088,-0.0578,0.1761,0.9816,0.0733,0,0,0,0,0,0,0,0.674,0.9801,1,0.1505,0.6143,-0.0718,0.1846,0.9826,0.0192,0,0,0,0,0,0,0,0.6715,0.9806,1,0.1536,0.6125,-0.0526,0.1746,0.9786,0.1093,0,0,0,0,0,0,0,0.6724,0.9802,1,0.1266,0.6184,-0.0614,0.1859,0.9797,0.0751,0,0,0,0,0,0,0,0.6702,0.9807,1,0.1302,0.6158,-0.0453,0.174,0.9737,0.1472,0,0,0,0,0,0,0,0.6709,0.9803,1,0.1752,0.6099,-0.08,0.1865,0.982,-0.0294,0,0,0,0,0,0,0,0.6731,0.9805,1,0.1461,0.6146,-0.0915,0.2034,0.9766,-0.0703,0,0,0,0,0,0,0,0.6707,0.981,1,0.1215,0.6203,-0.0782,0.2093,0.9778,0.0088,0,0,0,0,0,0,0,0.6694,0.981,1,0.1788,0.6058,-0.0356,0.1585,0.9729,0.1683,0,0,0,0,0,0,0,0.6749,0.9796,1,0.1551,0.6092,-0.0332,0.164,0.9676,0.1921,0,0,0,0,0,0,0,0.6732,0.9797,1,0.1321,0.6123,-0.0289,0.1636,0.9623,0.2175,0,0,0,0,0,0,0,0.6717,0.9799,1,0.2035,0.6045,-0.0589,0.1773,0.9832,0.0444,0,0,0,0,0,0,0,0.6759,0.9798,1,0.2041,0.6017,-0.0342,0.147,0.9777,0.1501,0,0,0,0,0,0,0,0.6768,0.9793,1,0.2015,0.6047,-0.0839,0.2105,0.9746,-0.0764,0,0,0,0,0,0,0,0.6749,0.9803,1,0.1713,0.6085,-0.1026,0.1958,0.9696,-0.1466,0,0,0,0,0,0,0,0.6721,0.9809,1,0.2261,0.594,-0.1099,0.2978,0.9174,-0.2639,0,0,0,0,0,0,0,0.6762,0.9803,1,0.1977,0.6018,-0.1094,0.2383,0.9473,-0.2139,0,0,0,0,0,0,0,0.6739,0.9807,1,0.2398,0.5285,-0.2065,0.4453,0.6579,-0.6074,0,0,0,0,0,0,0,0.6729,0.9749,1,0.2353,0.5601,-0.1709,0.4185,0.7512,-0.5104,0,0,0,0,0,0,0,0.6741,0.9773,1,0.2601,0.546,-0.1689,0.4692,0.7068,-0.5294,0,0,0,0,0,0,0,0.676,0.9762,1,0.1981,0.561,-0.1954,0.3063,0.7603,-0.5728,0,0,0,0,0,0,0,0.6703,0.9774,1,0.21,0.5737,-0.169,0.3366,0.8087,-0.4824,0,0,0,0,0,0,0,0.6722,0.9783,1,0.2012,0.5311,-0.2276,0.3038,0.6626,-0.6846,0,0,0,0,0,0,0,0.6693,0.9752,1,0.2195,0.5451,-0.2023,0.3885,0.7018,-0.5971,0,0,0,0,0,0,0,0.6716,0.9762,1,0.1837,0.5485,-0.2169,0.2343,0.7126,-0.6613,0,0,0,0,0,0,0,0.6684,0.9765,1,0.2479,0.574,-0.1365,0.4069,0.811,-0.4204,0,0,0,0,0,0,0,0.6766,0.9785,1,0.2778,0.562,-0.1282,0.4476,0.775,-0.4461,0,0,0,0,0,0,0,0.6793,0.9776,1,0.2194,0.5853,-0.1398,0.3308,0.8625,-0.3829,0,0,0,0,0,0,0,0.6742,0.9793,1,0.2842,0.5321,-0.1649,0.4858,0.6842,-0.5439,0,0,0,0,0,0,0,0.678,0.9751,1,0.3091,0.5497,-0.1174,0.4563,0.7575,-0.4669,0,0,0,0,0,0,0,0.6821,0.9766,1,0.3061,0.5196,-0.1608,0.4644,0.6916,-0.5533,0,0,0,0,0,0,0,0.6797,0.9741,1,0.336,0.5369,-0.1116,0.4231,0.7633,-0.4883,0,0,0,0,0,0,0,0.6843,0.9755,1,0.2592,0.5112,-0.2098,0.4725,0.6316,-0.6147,0,0,0,0,0,0,0,0.6742,0.9736,1,0.2175,0.5125,-0.2369,0.3581,0.6235,-0.6949,0,0,0,0,0,0,0,0.6701,0.9738,1,0.2796,0.4969,-0.2084,0.4735,0.6283,-0.6173,0,0,0,0,0,0,0,0.6758,0.9725,1,0.2333,0.4921,-0.2461,0.391,0.5974,-0.7001,0,0,0,0,0,0,0,0.6709,0.9723,1,0.1595,0.5987,-0.1485,0.2409,0.903,-0.3558,0,0,0,0,0,0,0,0.6692,0.98,1,0.1263,0.6071,-0.1519,0.3066,0.8797,-0.3634,0,0,0,0,0,0,0,0.6666,0.9805,1,0.134,0.6107,-0.1328,0.2824,0.9275,-0.2448,0,0,0,0,0,0,0,0.668,0.9807,1,0.1002,0.6233,-0.1332,0.3729,0.907,-0.1958,0,0,0,0,0,0,0,0.6654,0.9816,1,0.1084,0.6225,-0.1156,0.3145,0.9419,-0.1183,0,0,0,0,0,0,0,0.6667,0.9814,1,0.1516,0.5913,-0.1693,0.2374,0.8537,-0.4636,0,0,0,0,0,0,0,0.6678,0.9795,1,0.119,0.6005,-0.1697,0.2292,0.8133,-0.5349,0,0,0,0,0,0,0,0.6654,0.9801,1,0.0909,0.624,-0.1482,0.4125,0.8112,-0.4145,0,0,0,0,0,0,0,0.6642,0.9818,1,0.1661,0.6046,-0.1258,0.2179,0.9419,-0.2558,0,0,0,0,0,0,0,0.6707,0.9804,1,0.1406,0.6133,-0.1122,0.2388,0.9582,-0.1574,0,0,0,0,0,0,0,0.6693,0.9809,1,0.1155,0.6216,-0.0968,0.2541,0.9657,-0.0538,0,0,0,0,0,0,0,0.668,0.9812,1,0.1922,0.5954,-0.1356,0.2554,0.9098,-0.3271,0,0,0,0,0,0,0,0.6723,0.9799,1,0.1848,0.5865,-0.161,0.2576,0.8639,-0.4328,0,0,0,0,0,0,0,0.6707,0.9792,1,0.1755,0.5761,-0.1841,0.2415,0.8142,-0.528,0,0,0,0,0,0,0,0.6691,0.9784,1,0.1427,0.5824,-0.1873,0.179,0.7931,-0.5822,0,0,0,0,0,0,0,0.6665,0.9789,1,0.1643,0.5654,-0.2032,0.1826,0.7593,-0.6246,0,0,0,0,0,0,0,0.6675,0.9777,1,0.0669,0.5932,-0.1908,0.2006,0.562,-0.8024,0,0,0,0,0,0,0,0.6608,0.9795,1,0.0785,0.5767,-0.2006,0.1015,0.6022,-0.7918,0,0,0,0,0,0,0,0.6612,0.9783,1,0.0658,0.5778,-0.2017,0.1443,0.5669,-0.8111,0,0,0,0,0,0,0,0.6603,0.9784,1,0.0775,0.5639,-0.2103,0.0623,0.6053,-0.7935,0,0,0,0,0,0,0,0.6608,0.9773,1,0.0654,0.563,-0.2122,0.105,0.5818,-0.8066,0,0,0,0,0,0,0,0.6598,0.9772,1,0.094,0.5855,-0.1918,0.0894,0.6717,-0.7355,0,0,0,0,0,0,0,0.6627,0.979,1,0.0802,0.5909,-0.1893,0.1775,0.6239,-0.7611,0,0,0,0,0,0,0,0.6618,0.9794,1,0.0903,0.5728,-0.2028,0.0342,0.6333,-0.7732,0,0,0,0,0,0,0,0.662,0.978,1,0.0537,0.5939,-0.1938,0.2284,0.5237,-0.8207,0,0,0,0,0,0,0,0.6597,0.9796,1,0.0526,0.5777,-0.2044,0.1874,0.5378,-0.822,0,0,0,0,0,0,0,0.6592,0.9783,1,0.0412,0.5939,-0.1974,0.2461,0.5027,-0.8287,0,0,0,0,0,0,0,0.6586,0.9796,1,0.0521,0.5619,-0.2151,0.1455,0.5542,-0.8196,0,0,0,0,0,0,0,0.6587,0.9771,1,0.0399,0.5772,-0.208,0.2191,0.5138,-0.8294,0,0,0,0,0,0,0,0.6581,0.9783,1,0.0552,0.6103,-0.183,0.2804,0.5108,-0.8127,0,0,0,0,0,0,0,0.6602,0.9808,1,0.0679,0.6093,-0.179,0.3061,0.5541,-0.7742,0,0,0,0,0,0,0,0.6613,0.9808,1,0.0569,0.6267,-0.1723,0.3336,0.5113,-0.792,0,0,0,0,0,0,0,0.6608,0.9821,1,0.0688,0.6258,-0.1669,0.4158,0.5606,-0.7161,0,0,0,0,0,0,0,0.6618,0.982,1,0.043,0.6107,-0.1868,0.2673,0.4941,-0.8273,0,0,0,0,0,0,0,0.6592,0.9809,1,0.045,0.6277,-0.1762,0.2841,0.4922,-0.8228,0,0,0,0,0,0,0,0.6597,0.9822,1,0.0952,0.6014,-0.1758,0.2055,0.7169,-0.6662,0,0,0,0,0,0,0,0.6634,0.9802,1,0.0806,0.6073,-0.175,0.2889,0.6224,-0.7275,0,0,0,0,0,0,0,0.6624,0.9806,1,0.0803,0.6249,-0.1591,0.4823,0.6547,-0.582,0,0,0,0,0,0,0,0.663,0.9819,1,0.0195,0.594,-0.2038,0.2003,0.5034,-0.8405,0,0,0,0,0,0,0,0.6568,0.9796,1,0.0286,0.5768,-0.2114,0.2302,0.5006,-0.8345,0,0,0,0,0,0,0,0.6571,0.9782,1,0.0184,0.5764,-0.2144,0.2022,0.5002,-0.842,0,0,0,0,0,0,0,0.6563,0.9782,1,0.0278,0.5598,-0.2218,0.2075,0.5063,-0.837,0,0,0,0,0,0,0,0.6567,0.9769,1,0.0178,0.5591,-0.2248,0.1916,0.4969,-0.8464,0,0,0,0,0,0,0,0.6558,0.9769,1,0.0299,0.5939,-0.2009,0.2406,0.4965,-0.834,0,0,0,0,0,0,0,0.6576,0.9796,1,0.0391,0.5608,-0.2184,0.1837,0.5265,-0.8301,0,0,0,0,0,0,0,0.6576,0.977,1,0.0096,0.594,-0.2058,0.1202,0.5158,-0.8482,0,0,0,0,0,0,0,0.6559,0.9796,1,0.009,0.5762,-0.2165,0.1259,0.5076,-0.8524,0,0,0,0,0,0,0,0.6554,0.9782,1,0,0.594,-0.2065,0,0.5226,-0.8526,0,0,0,0,0,0,0,0.6551,0.9796,1,0.0087,0.5586,-0.2269,0.1233,0.4966,-0.8592,0,0,0,0,0,0,0,0.655,0.9768,1,0,0.5761,-0.2174,0,0.5127,-0.8586,0,0,0,0,0,0,0,0.6546,0.9782,1,0.0103,0.6118,-0.1947,0.11,0.5212,-0.8463,0,0,0,0,0,0,0,0.6564,0.9809,1,0.0207,0.6116,-0.1929,0.1912,0.5065,-0.8408,0,0,0,0,0,0,0,0.6573,0.9809,1,0.011,0.6297,-0.1836,0.1022,0.5215,-0.8471,0,0,0,0,0,0,0,0.6569,0.9823,1,0.0222,0.6292,-0.182,0.1841,0.5058,-0.8428,0,0,0,0,0,0,0,0.6578,0.9823,1,0,0.6119,-0.1954,0,0.5284,-0.849,0,0,0,0,0,0,0,0.6555,0.981,1,0,0.6299,-0.1841,0,0.5291,-0.8485,0,0,0,0,0,0,0,0.656,0.9824,1,0.0316,0.6112,-0.1902,0.2431,0.4944,-0.8345,0,0,0,0,0,0,0,0.6582,0.9809,1,0.0335,0.6285,-0.1795,0.2448,0.493,-0.8349,0,0,0,0,0,0,0,0.6587,0.9822,1,0.1447,0.4859,-0.2715,-0.0174,0.5427,-0.8398,0,0,0,0,0,0,0,0.6634,0.9717,1,0.1593,0.5113,-0.2539,0.0592,0.5966,-0.8004,0,0,0,0,0,0,0,0.6652,0.9737,1,0.1689,0.4924,-0.2666,0.0881,0.5638,-0.8212,0,0,0,0,0,0,0,0.6654,0.9723,1,0.1373,0.5043,-0.2589,-0.0305,0.5713,-0.8201,0,0,0,0,0,0,0,0.6634,0.9731,1,0.1485,0.5289,-0.2407,0.0291,0.6295,-0.7764,0,0,0,0,0,0,0,0.6649,0.975,1,0.1215,0.4804,-0.2734,-0.0652,0.5288,-0.8462,0,0,0,0,0,0,0,0.6616,0.9712,1,0.1157,0.4983,-0.2614,-0.0617,0.5543,-0.83,0,0,0,0,0,0,0,0.6617,0.9725,1,0.1291,0.5213,-0.2462,-0.0388,0.6013,-0.798,0,0,0,0,0,0,0,0.6632,0.9743,1,0.1935,0.5008,-0.256,0.2235,0.5912,-0.7749,0,0,0,0,0,0,0,0.6676,0.9729,1,0.1809,0.52,-0.2441,0.1792,0.6264,-0.7587,0,0,0,0,0,0,0,0.6672,0.9744,1,0.1669,0.5379,-0.2314,0.1284,0.6668,-0.7341,0,0,0,0,0,0,0,0.6666,0.9757,1,0.2053,0.4795,-0.2681,0.256,0.5581,-0.7893,0,0,0,0,0,0,0,0.668,0.9713,1,0.1773,0.4714,-0.2795,0.1113,0.5355,-0.8372,0,0,0,0,0,0,0,0.6655,0.9707,1,0.2145,0.4548,-0.2816,0.2758,0.521,-0.8078,0,0,0,0,0,0,0,0.6682,0.9694,1,0.1841,0.4475,-0.2933,0.1294,0.5111,-0.8497,0,0,0,0,0,0,0,0.6655,0.9689,1,0.2521,0.4669,-0.2565,0.4279,0.5464,-0.72,0,0,0,0,0,0,0,0.6719,0.9703,1,0.1268,0.4605,-0.2859,-0.0652,0.5111,-0.8571,0,0,0,0,0,0,0,0.6615,0.9697,1,0.1512,0.4654,-0.2845,-0.0033,0.5211,-0.8535,0,0,0,0,0,0,0,0.6634,0.9701,1,0.1314,0.4381,-0.2994,-0.0577,0.4997,-0.8643,0,0,0,0,0,0,0,0.6613,0.968,1,0.0797,0.4697,-0.2759,-0.0855,0.502,-0.8606,0,0,0,0,0,0,0,0.6584,0.9702,1,0.0592,0.4828,-0.2665,-0.0555,0.4962,-0.8664,0,0,0,0,0,0,0,0.6573,0.9711,1,0.0764,0.4875,-0.265,-0.0664,0.5177,-0.853,0,0,0,0,0,0,0,0.6586,0.9715,1,0.0569,0.4996,-0.2565,-0.0248,0.5193,-0.8542,0,0,0,0,0,0,0,0.6575,0.9724,1,0.0732,0.5039,-0.2545,-0.043,0.5449,-0.8374,0,0,0,0,0,0,0,0.6588,0.9728,1,0.0615,0.4649,-0.2768,-0.0817,0.4869,-0.8696,0,0,0,0,0,0,0,0.657,0.9697,1,0.0439,0.4787,-0.2679,-0.0324,0.4745,-0.8796,0,0,0,0,0,0,0,0.6561,0.9707,1,0.0423,0.4959,-0.2585,0.0045,0.4932,-0.8699,0,0,0,0,0,0,0,0.6563,0.972,1,0.0997,0.4749,-0.2748,-0.0796,0.5161,-0.8528,0,0,0,0,0,0,0,0.6599,0.9707,1,0.0953,0.4927,-0.2634,-0.0686,0.5373,-0.8406,0,0,0,0,0,0,0,0.6601,0.972,1,0.0909,0.509,-0.2522,-0.0542,0.5678,-0.8214,0,0,0,0,0,0,0,0.6602,0.9732,1,0.1039,0.4554,-0.2868,-0.0854,0.5048,-0.859,0,0,0,0,0,0,0,0.6598,0.9692,1,0.0829,0.4504,-0.2874,-0.0978,0.4979,-0.8617,0,0,0,0,0,0,0,0.6582,0.9687,1,0.1076,0.4336,-0.2999,-0.0836,0.5022,-0.8607,0,0,0,0,0,0,0,0.6596,0.9675,1,0.0857,0.4292,-0.3,-0.1005,0.5038,-0.8579,0,0,0,0,0,0,0,0.6579,0.9671,1,0.0638,0.4457,-0.2878,-0.0998,0.4911,-0.8653,0,0,0,0,0,0,0,0.6568,0.9682,1,0.0456,0.4606,-0.2777,-0.0647,0.4724,-0.879,0,0,0,0,0,0,0,0.6558,0.9693,1,0.0658,0.425,-0.3,-0.1059,0.5065,-0.8557,0,0,0,0,0,0,0,0.6564,0.9667,1,0.0472,0.4415,-0.2882,-0.0874,0.4857,-0.8697,0,0,0,0,0,0,0,0.6555,0.9678,1,0.0204,0.4543,-0.2798,-0.0178,0.4482,-0.8938,0,0,0,0,0,0,0,0.6539,0.9687,1,0.0096,0.4707,-0.272,0.0164,0.423,-0.906,0,0,0,0,0,0,0,0.6533,0.9699,1,0.0197,0.4725,-0.2709,0.0143,0.4358,-0.9,0,0,0,0,0,0,0,0.6541,0.9701,1,0.0092,0.4886,-0.2638,0.0391,0.4298,-0.9021,0,0,0,0,0,0,0,0.6536,0.9713,1,0.019,0.4902,-0.2624,0.0504,0.4456,-0.8938,0,0,0,0,0,0,0,0.6544,0.9715,1,0.0099,0.4526,-0.2805,-0.0037,0.4406,-0.8977,0,0,0,0,0,0,0,0.653,0.9685,1,0,0.4701,-0.2724,0,0.4181,-0.9084,0,0,0,0,0,0,0,0.6526,0.9697,1,0,0.488,-0.2644,0,0.4238,-0.9058,0,0,0,0,0,0,0,0.6528,0